Id,Time[ns],0:UART: RX/TX
1,1589526660.00,B5
2,1589538560.00,62
3,1589550460.00,0A
4,1589562360.00,04
5,1589574260.00,00
6,1589586160.00,00
7,1589598060.00,0E
8,1589609960.00,34
9,1592145720.00,B5
10,1592157640.00,62
11,1592169540.00,06
12,1592181440.00,8A
13,1592193320.00,0E
14,1592205220.00,00
15,1592217120.00,00
16,1592229020.00,01
17,1592240920.00,00
18,1592252820.00,00
19,1592264720.00,01
20,1592276620.00,00
21,1592288520.00,74
22,1592300420.00,10
23,1592312320.00,01
24,1592324220.00,02
25,1592336120.00,00
26,1592348020.00,74
27,1592359920.00,10
28,1592371820.00,00
29,1592383720.00,AB
30,1592395620.00,29
31,1612150200.00,B5
32,1612162100.00,62
33,1612174000.00,06
34,1612185900.00,8A
35,1612197800.00,0E
36,1612209700.00,00
37,1612221600.00,00
38,1612233500.00,01
39,1612245400.00,00
40,1612257300.00,00
41,1612269200.00,01
42,1612281100.00,00
43,1612293000.00,74
44,1612304880.00,10
45,1612316780.00,01
46,1612328680.00,02
47,1612340580.00,00
48,1612352480.00,74
49,1612364380.00,10
50,1612376280.00,00
51,1612388180.00,AB
52,1612400080.00,29
53,1632154660.00,B5
54,1632166580.00,62
55,1632178480.00,06
56,1632190380.00,8A
57,1632202260.00,0E
58,1632214160.00,00
59,1632226060.00,00
60,1632237960.00,01
61,1632249860.00,00
62,1632261760.00,00
63,1632273660.00,01
64,1632285560.00,00
65,1632297460.00,74
66,1632309360.00,10
67,1632321260.00,01
68,1632333160.00,02
69,1632345060.00,00
70,1632356960.00,74
71,1632368860.00,10
72,1632380760.00,00
73,1632392660.00,AB
74,1632404560.00,29
75,1632416460.00,B5
76,1632428360.00,62
77,1632440240.00,06
78,1632452140.00,8A
79,1632464040.00,27
80,1632475940.00,00
81,1632487840.00,00
82,1632499740.00,01
83,1632511640.00,00
84,1632523540.00,00
85,1632535440.00,1F
86,1632547340.00,00
87,1632559240.00,31
88,1632571140.00,10
89,1632583040.00,01
90,1632594940.00,21
91,1632606840.00,00
92,1632618740.00,31
93,1632630640.00,10
94,1632642540.00,01
95,1632654440.00,22
96,1632666340.00,00
97,1632678240.00,31
98,1632690140.00,10
99,1632702040.00,01
100,1632713940.00,0D
101,1632725820.00,00
102,1632737720.00,31
103,1632749620.00,10
104,1632761520.00,01
105,1632773420.00,0F
106,1632785320.00,00
107,1632797220.00,31
108,1632809120.00,10
109,1632821020.00,00
110,1632832920.00,24
111,1632844820.00,00
112,1632856720.00,31
113,1632868620.00,10
114,1632880520.00,01
115,1632892420.00,25
116,1632904320.00,00
117,1632916220.00,31
118,1632928120.00,10
119,1632940020.00,00
120,1632951920.00,4B
121,1632963820.00,70
122,1789148580.00,B5
123,1789160480.00,62
124,1789172380.00,06
125,1789184280.00,8A
126,1789196180.00,27
127,1789208080.00,00
128,1789219980.00,00
129,1789231880.00,01
130,1789243780.00,00
131,1789255680.00,00
132,1789267580.00,1F
133,1789279480.00,00
134,1789291380.00,31
135,1789303280.00,10
136,1789315180.00,01
137,1789327080.00,21
138,1789338960.00,00
139,1789350860.00,31
140,1789362760.00,10
141,1789374660.00,01
142,1789386560.00,22
143,1789398460.00,00
144,1789410360.00,31
145,1789422260.00,10
146,1789434160.00,01
147,1789446060.00,0D
148,1789457960.00,00
149,1789469860.00,31
150,1789481760.00,10
151,1789493660.00,01
152,1789505560.00,0F
153,1789517460.00,00
154,1789529360.00,31
155,1789541260.00,10
156,1789553160.00,00
157,1789565060.00,24
158,1789576960.00,00
159,1789588860.00,31
160,1789600740.00,10
161,1789612640.00,01
162,1789624540.00,25
163,1789636440.00,00
164,1789648340.00,31
165,1789660240.00,10
166,1789672140.00,00
167,1789684040.00,4B
168,1789695940.00,70
169,1799102920.00,B5
170,1799114820.00,62
171,1799126720.00,06
172,1799138620.00,8A
173,1799150520.00,09
174,1799162420.00,00
175,1799174320.00,00
176,1799186220.00,01
177,1799198120.00,00
178,1799210020.00,00
179,1799221920.00,7E
180,1799233820.00,01
181,1799245720.00,91
182,1799257600.00,20
183,1799269500.00,01
184,1799281400.00,CB
185,1799293300.00,9F
186,1809098220.00,B5
187,1809110120.00,62
188,1809122020.00,06
189,1809133920.00,8A
190,1809145820.00,09
191,1809157720.00,00
192,1809169620.00,00
193,1809181520.00,01
194,1809193420.00,00
195,1809205320.00,00
196,1809217220.00,25
197,1809229120.00,00
198,1809241020.00,91
199,1809252920.00,20
200,1809264820.00,01
201,1809276720.00,71
202,1809288620.00,DE
203,1819112780.00,B5
204,1819124680.00,62
205,1819136580.00,06
206,1819148480.00,8A
207,1819160380.00,09
208,1819172280.00,00
209,1819184180.00,00
210,1819196080.00,01
211,1819207980.00,00
212,1819219880.00,00
213,1819231780.00,2A
214,1819243680.00,00
215,1819255580.00,91
216,1819267480.00,20
217,1819279380.00,01
218,1819291280.00,76
219,1819303180.00,F7
220,1829112480.00,B5
221,1829124380.00,62
222,1829136280.00,06
223,1829148180.00,8A
224,1829160080.00,09
225,1829171980.00,00
226,1829183880.00,00
227,1829195780.00,01
228,1829207680.00,00
229,1829219580.00,00
230,1829231480.00,1B
231,1829243380.00,00
232,1829255280.00,91
233,1829267180.00,20
234,1829279080.00,01
235,1829290980.00,67
236,1829302880.00,AC
237,1839123460.00,B5
238,1839135360.00,62
239,1839147260.00,06
240,1839159160.00,8A
241,1839171060.00,09
242,1839182960.00,00
243,1839194860.00,00
244,1839206760.00,01
245,1839218660.00,00
246,1839230560.00,00
247,1839242460.00,39
248,1839254360.00,00
249,1839266260.00,91
250,1839278140.00,20
251,1839290040.00,01
252,1839301940.00,85
253,1839313840.00,42
254,1849098480.00,B5
255,1849110380.00,62
256,1849122280.00,06
257,1849134180.00,8A
258,1849146080.00,09
259,1849157980.00,00
260,1849169880.00,00
261,1849181780.00,01
262,1849193680.00,00
263,1849205580.00,00
264,1849217480.00,07
265,1849229380.00,00
266,1849241280.00,91
267,1849253180.00,20
268,1849265080.00,01
269,1849276980.00,53
270,1849288880.00,48
271,1859103980.00,B5
272,1859115900.00,62
273,1859127800.00,06
274,1859139700.00,8A
275,1859151580.00,09
276,1859163480.00,00
277,1859175380.00,00
278,1859187280.00,01
279,1859199180.00,00
280,1859211080.00,00
281,1859222980.00,3E
282,1859234880.00,00
283,1859246780.00,91
284,1859258680.00,20
285,1859270580.00,00
286,1859282480.00,89
287,1859294380.00,5A
288,1869098560.00,B5
289,1869110460.00,62
290,1869122360.00,06
291,1869134260.00,8A
292,1869146160.00,09
293,1869158060.00,00
294,1869169960.00,00
295,1869181840.00,01
296,1869193740.00,00
297,1869205640.00,00
298,1869217540.00,43
299,1869229440.00,00
300,1869241340.00,91
301,1869253240.00,20
302,1869265140.00,01
303,1869277040.00,8F
304,1869288940.00,74
305,1879104880.00,B5
306,1879116780.00,62
307,1879128680.00,06
308,1879140580.00,8A
309,1879152480.00,09
310,1879164380.00,00
311,1879176280.00,00
312,1879188180.00,01
313,1879200080.00,00
314,1879211980.00,00
315,1879223880.00,48
316,1879235780.00,00
317,1879247680.00,91
318,1879259580.00,20
319,1879271480.00,00
320,1879283380.00,93
321,1879295280.00,8C
322,1889119160.00,B5
323,1889131060.00,62
324,1889142960.00,06
325,1889154860.00,8A
326,1889166760.00,09
327,1889178660.00,00
328,1889190560.00,00
329,1889202460.00,01
330,1889214360.00,00
331,1889226260.00,00
332,1889238160.00,5C
333,1889250060.00,00
334,1889261960.00,91
335,1889273860.00,20
336,1889285760.00,01
337,1889297660.00,A8
338,1889309560.00,F1
339,1899104140.00,B5
340,1899116040.00,62
341,1899127940.00,06
342,1899139840.00,8A
343,1899151740.00,09
344,1899163640.00,00
345,1899175540.00,00
346,1899187440.00,01
347,1899199340.00,00
348,1899211240.00,00
349,1899223140.00,66
350,1899235040.00,00
351,1899246940.00,91
352,1899258840.00,20
353,1899270740.00,01
354,1899282640.00,B2
355,1899294540.00,23
356,1909098600.00,B5
357,1909110500.00,62
358,1909122400.00,06
359,1909134300.00,8A
360,1909146200.00,09
361,1909158100.00,00
362,1909170000.00,00
363,1909181900.00,01
364,1909193800.00,00
365,1909205700.00,00
366,1909217600.00,A5
367,1909229500.00,02
368,1909241400.00,91
369,1909253300.00,20
370,1909265200.00,01
371,1909277100.00,F3
372,1909289000.00,66
373,1919112800.00,B5
374,1919124700.00,62
375,1919136600.00,06
376,1919148500.00,8A
377,1919160400.00,09
378,1919172300.00,00
379,1919184200.00,00
380,1919196100.00,01
381,1919207980.00,00
382,1919219880.00,00
383,1919231780.00,32
384,1919243680.00,02
385,1919255580.00,91
386,1919267480.00,20
387,1919279380.00,01
388,1919291280.00,80
389,1919303180.00,27
390,1929099440.00,B5
391,1929111340.00,62
392,1929123240.00,06
393,1929135140.00,8A
394,1929147040.00,09
395,1929158940.00,00
396,1929170840.00,00
397,1929182740.00,01
398,1929194640.00,00
399,1929206540.00,00
400,1929218440.00,5A
401,1929230340.00,03
402,1929242240.00,91
403,1929254140.00,20
404,1929266040.00,01
405,1929277940.00,A9
406,1929289820.00,F3
407,1939125100.00,B5
408,1939137000.00,62
409,1939148900.00,06
410,1939160800.00,8A
411,1939172700.00,60
412,1939184600.00,00
413,1939196500.00,00
414,1939208400.00,01
415,1939220300.00,00
416,1939232200.00,00
417,1939244100.00,AB
418,1939256000.00,00
419,1939267900.00,11
420,1939279800.00,20
421,1939291700.00,00
422,1939303600.00,AA
423,1939315500.00,00
424,1939327400.00,11
425,1939339300.00,20
426,1939351200.00,00
427,1939363100.00,C4
428,1939374980.00,00
429,1939386880.00,11
430,1939398780.00,20
431,1939410680.00,3C
432,1939422580.00,21
433,1939434480.00,00
434,1939446380.00,11
435,1939458280.00,20
436,1939470180.00,07
437,1939482080.00,11
438,1939493980.00,00
439,1939505880.00,11
440,1939517780.00,20
441,1939529680.00,03
442,1939541580.00,C1
443,1939553480.00,00
444,1939565380.00,11
445,1939577280.00,40
446,1939589180.00,00
447,1939601080.00,00
448,1939612980.00,00
449,1939624880.00,00
450,1939636760.00,C2
451,1939648660.00,00
452,1939660560.00,11
453,1939672460.00,40
454,1939684360.00,10
455,1939696260.00,27
456,1939708160.00,00
457,1939720060.00,00
458,1939731960.00,A4
459,1939743860.00,00
460,1939755760.00,11
461,1939767660.00,20
462,1939779560.00,05
463,1939791460.00,B3
464,1939803360.00,00
465,1939815260.00,11
466,1939827160.00,30
467,1939839060.00,64
468,1939850960.00,00
469,1939862860.00,B1
470,1939874740.00,00
471,1939886660.00,11
472,1939898540.00,30
473,1939910440.00,FA
474,1939922340.00,00
475,1939934240.00,3B
476,1939946140.00,00
477,1939958040.00,25
478,1939969940.00,30
479,1939981840.00,00
480,1939993740.00,00
481,1940005640.00,38
482,1940017540.00,00
483,1940029440.00,25
484,1940041340.00,20
485,1940053240.00,00
486,1940065140.00,B4
487,1940077040.00,00
488,1940088940.00,11
489,1940100840.00,30
490,1940112740.00,5E
491,1940124640.00,01
492,1940136540.00,B5
493,1940148420.00,00
494,1940160320.00,11
495,1940172220.00,30
496,1940184120.00,96
497,1940196020.00,00
498,1940207920.00,B2
499,1940219820.00,00
500,1940231720.00,11
501,1940243620.00,30
502,1940255520.00,FA
503,1940267420.00,00
504,1940279320.00,1C
505,1940291220.00,00
506,1940303120.00,11
507,1940315020.00,20
508,1940326920.00,00
509,1940338820.00,18
510,1940350720.00,B3
511,1949098700.00,B5
512,1949110600.00,62
513,1949122500.00,06
514,1949134400.00,8A
515,1949146300.00,33
516,1949158200.00,00
517,1949170100.00,00
518,1949182000.00,01
519,1949193900.00,00
520,1949205800.00,00
521,1949217700.00,01
522,1949229600.00,00
523,1949241500.00,23
524,1949253400.00,10
525,1949265300.00,01
526,1949277200.00,02
527,1949289100.00,00
528,1949301000.00,23
529,1949312900.00,30
530,1949324780.00,64
531,1949336680.00,00
532,1949348580.00,13
533,1949360480.00,00
534,1949372380.00,11
535,1949384280.00,10
536,1949396180.00,01
537,1949408080.00,25
538,1949419980.00,00
539,1949431880.00,11
540,1949443780.00,10
541,1949455680.00,01
542,1949467580.00,A1
543,1949479480.00,00
544,1949491380.00,11
545,1949503280.00,20
546,1949515180.00,03
547,1949527080.00,A2
548,1949538980.00,00
549,1949550880.00,11
550,1949562780.00,20
551,1949574680.00,20
552,1949586560.00,A3
553,1949598460.00,00
554,1949610360.00,11
555,1949622260.00,20
556,1949634160.00,19
557,1949646060.00,D6
558,1949657960.00,00
559,1949669860.00,11
560,1949681760.00,20
561,1949693660.00,00
562,1949705560.00,17
563,1949717460.00,00
564,1949729360.00,11
565,1949741260.00,30
566,1949753160.00,64
567,1949765060.00,08
568,1949776960.00,AE
569,1949788860.00,A1
570,1959104400.00,B5
571,1959116300.00,62
572,1959128200.00,06
573,1959140100.00,8A
574,1959152000.00,15
575,1959163900.00,00
576,1959175800.00,00
577,1959187700.00,01
578,1959199600.00,00
579,1959211500.00,00
580,1959223400.00,01
581,1959235300.00,00
582,1959247200.00,21
583,1959259100.00,30
584,1959271000.00,C8
585,1959282900.00,00
586,1959294800.00,02
587,1959306700.00,00
588,1959318600.00,21
589,1959330500.00,30
590,1959342380.00,01
591,1959354280.00,00
592,1959366180.00,03
593,1959378080.00,00
594,1959389980.00,21
595,1959401880.00,20
596,1959413780.00,00
597,1959425680.00,58
598,1959437580.00,BD
599,1969098980.00,B5
600,1969110880.00,62
601,1969122780.00,06
602,1969134680.00,8A
603,1969146580.00,09
604,1969158480.00,00
605,1969170380.00,00
606,1969182280.00,01
607,1969194180.00,00
608,1969206080.00,00
609,1969217980.00,16
610,1969229880.00,00
611,1969241760.00,91
612,1969253660.00,20
613,1969265560.00,01
614,1969277460.00,62
615,1969289360.00,93
616,1979109280.00,B5
617,1979121180.00,62
618,1979133080.00,06
619,1979144980.00,8A
620,1979156880.00,24
621,1979168780.00,00
622,1979180680.00,00
623,1979192580.00,01
624,1979204480.00,00
625,1979216380.00,00
626,1979228280.00,02
627,1979240180.00,00
628,1979252080.00,36
629,1979263980.00,10
630,1979275880.00,00
631,1979287780.00,03
632,1979299680.00,00
633,1979311580.00,36
634,1979323480.00,10
635,1979335380.00,01
636,1979347280.00,04
637,1979359180.00,00
638,1979371060.00,36
639,1979382960.00,10
640,1979394860.00,00
641,1979406760.00,05
642,1979418660.00,00
643,1979430560.00,36
644,1979442460.00,10
645,1979454360.00,00
646,1979466260.00,06
647,1979478160.00,00
648,1979490060.00,36
649,1979501960.00,50
650,1979513860.00,00
651,1979525760.00,00
652,1979537660.00,00
653,1979549560.00,00
654,1979561460.00,00
655,1979573360.00,00
656,1979585260.00,00
657,1979597160.00,00
658,1979609060.00,68
659,1979620940.00,56
660,1989118580.00,B5
661,1989130480.00,62
662,1989142380.00,06
663,1989154280.00,8A
664,1989166180.00,82
665,1989178080.00,00
666,1989189980.00,00
667,1989201880.00,01
668,1989213780.00,00
669,1989225680.00,00
670,1989237580.00,07
671,1989249480.00,00
672,1989261380.00,05
673,1989273280.00,10
674,1989285180.00,01
675,1989297080.00,0A
676,1989308980.00,00
677,1989320860.00,05
678,1989332760.00,10
679,1989344660.00,01
680,1989356560.00,01
681,1989368460.00,00
682,1989380360.00,05
683,1989392260.00,30
684,1989404160.00,32
685,1989416060.00,00
686,1989427960.00,02
687,1989439860.00,00
688,1989451760.00,05
689,1989463660.00,40
690,1989475560.00,40
691,1989487460.00,42
692,1989499360.00,0F
693,1989511260.00,00
694,1989523160.00,24
695,1989535060.00,00
696,1989546960.00,05
697,1989558860.00,40
698,1989570740.00,01
699,1989582640.00,00
700,1989594540.00,00
701,1989606440.00,00
702,1989618340.00,03
703,1989630240.00,00
704,1989642140.00,05
705,1989654040.00,40
706,1989665940.00,40
707,1989677840.00,42
708,1989689740.00,0F
709,1989701640.00,00
710,1989713540.00,25
711,1989725440.00,00
712,1989737340.00,05
713,1989749240.00,40
714,1989761140.00,01
715,1989773040.00,00
716,1989784940.00,00
717,1989796840.00,00
718,1989808740.00,0C
719,1989820640.00,00
720,1989832540.00,05
721,1989844420.00,20
722,1989856320.00,01
723,1989868220.00,23
724,1989880120.00,00
725,1989892020.00,05
726,1989903920.00,20
727,1989915820.00,00
728,1989927720.00,30
729,1989939620.00,00
730,1989951520.00,05
731,1989963420.00,20
732,1989975320.00,01
733,1989987220.00,08
734,1989999120.00,00
735,1990011020.00,05
736,1990022920.00,10
737,1990034820.00,01
738,1990046720.00,09
739,1990058620.00,00
740,1990070520.00,05
741,1990082420.00,10
742,1990094300.00,01
743,1990106200.00,0B
744,1990118100.00,00
745,1990130000.00,05
746,1990141900.00,10
747,1990153800.00,01
748,1990165700.00,04
749,1990177600.00,00
750,1990189500.00,05
751,1990201400.00,40
752,1990213300.00,A0
753,1990225200.00,86
754,1990237100.00,01
755,1990249000.00,00
756,1990260900.00,2A
757,1990272800.00,00
758,1990284700.00,05
759,1990296600.00,50
760,1990308500.00,00
761,1990320400.00,00
762,1990332300.00,00
763,1990344200.00,00
764,1990356100.00,00
765,1990367980.00,00
766,1990379880.00,24
767,1990391780.00,40
768,1990403680.00,05
769,1990415580.00,00
770,1990427480.00,05
771,1990439380.00,40
772,1990451280.00,A0
773,1990463180.00,86
774,1990475080.00,01
775,1990486980.00,00
776,1990498880.00,2B
777,1990510780.00,00
778,1990522680.00,05
779,1990534580.00,50
780,1990546480.00,00
781,1990558380.00,00
782,1990570280.00,00
783,1990582180.00,00
784,1990594080.00,00
785,1990605980.00,00
786,1990617880.00,24
787,1990629760.00,40
788,1990641660.00,06
789,1990653560.00,00
790,1990665460.00,05
791,1990677360.00,40
792,1990689260.00,00
793,1990701160.00,00
794,1990713060.00,00
795,1990724960.00,00
796,1990736860.00,5F
797,1990748760.00,26
798,1999104540.00,B5
799,1999116440.00,62
800,1999128340.00,06
801,1999140240.00,8A
802,1999152120.00,1D
803,1999164020.00,00
804,1999175920.00,00
805,1999187820.00,01
806,1999199720.00,00
807,1999211620.00,00
808,1999223520.00,10
809,1999235420.00,00
810,1999247320.00,41
811,1999259220.00,20
812,1999271120.00,01
813,1999283020.00,01
814,1999294920.00,00
815,1999306820.00,41
816,1999318720.00,20
817,1999330620.00,03
818,1999342520.00,02
819,1999354420.00,00
820,1999366320.00,41
821,1999378220.00,20
822,1999390120.00,0F
823,1999402020.00,0D
824,1999413920.00,00
825,1999425800.00,41
826,1999437700.00,10
827,1999449600.00,01
828,1999461500.00,13
829,1999473400.00,00
830,1999485300.00,41
831,1999497200.00,10
832,1999509100.00,01
833,1999521000.00,BB
834,1999532900.00,AA
835,2009099180.00,B5
836,2009111080.00,62
837,2009122980.00,06
838,2009134880.00,8A
839,2009146780.00,09
840,2009158680.00,00
841,2009170580.00,00
842,2009182480.00,01
843,2009194360.00,00
844,2009206260.00,00
845,2009218160.00,7A
846,2009230060.00,00
847,2009241960.00,91
848,2009253860.00,20
849,2009265760.00,01
850,2009277660.00,C6
851,2009289560.00,87
852,2019114460.00,B5
853,2019126380.00,62
854,2019138260.00,06
855,2019150160.00,8A
856,2019162060.00,09
857,2019173960.00,00
858,2019185860.00,00
859,2019197760.00,02
860,2019209660.00,00
861,2019221560.00,00
862,2019233460.00,01
863,2019245360.00,00
864,2019257260.00,04
865,2019269160.00,10
866,2019281060.00,00
867,2019292960.00,B0
868,2019304860.00,6A
869,2029115040.00,B5
870,2029126940.00,62
871,2029138840.00,06
872,2029150740.00,8A
873,2029162640.00,09
874,2029174540.00,00
875,2029186440.00,00
876,2029198340.00,03
877,2029210240.00,00
878,2029222140.00,00
879,2029234040.00,4B
880,2029245940.00,03
881,2029257840.00,91
882,2029269740.00,20
883,2029281640.00,04
884,2029293540.00,9F
885,2029305420.00,BB
886,2039134700.00,B5
887,2039146600.00,62
888,2039158500.00,06
889,2039170400.00,09
890,2039182300.00,0D
891,2039194200.00,00
892,2039206100.00,00
893,2039218000.00,00
894,2039229900.00,00
895,2039241800.00,00
896,2039253700.00,FF
897,2039265600.00,FF
898,2039277500.00,00
899,2039289400.00,00
900,2039301300.00,00
901,2039313200.00,00
902,2039325100.00,00
903,2039337000.00,00
904,2039348900.00,01
905,2039360800.00,1B
906,2039372680.00,A9
907,2049104120.00,B5
908,2049116020.00,62
909,2049127920.00,06
910,2049139820.00,8A
911,2049151720.00,24
912,2049163620.00,00
913,2049175520.00,01
914,2049187420.00,02
915,2049199320.00,00
916,2049211220.00,00
917,2049223120.00,01
918,2049235020.00,00
919,2049246900.00,A4
920,2049258800.00,40
921,2049270700.00,00
922,2049282600.00,B0
923,2049294500.00,71
924,2049306400.00,0B
925,2049318300.00,03
926,2049330200.00,00
927,2049342100.00,A4
928,2049354000.00,40
929,2049365900.00,00
930,2049377800.00,B0
931,2049389700.00,71
932,2049401600.00,0B
933,2049413500.00,05
934,2049425400.00,00
935,2049437300.00,A4
936,2049449200.00,40
937,2049461100.00,00
938,2049473000.00,B0
939,2049484900.00,71
940,2049496780.00,0B
941,2049508680.00,0A
942,2049520580.00,00
943,2049532480.00,A4
944,2049544380.00,40
945,2049556280.00,00
946,2049568180.00,D8
947,2049580080.00,B8
948,2049591980.00,05
949,2049603880.00,73
950,2049615780.00,14
951,2059111300.00,B5
952,2059123220.00,62
953,2059135120.00,06
954,2059147020.00,04
955,2059158920.00,04
956,2059170800.00,00
957,2059182700.00,00
958,2059194600.00,00
959,2059206500.00,01
960,2059218400.00,00
961,2059230300.00,0F
962,2059242200.00,66
963,4075417020.00,B5
964,4075428920.00,62
965,4075440820.00,27
966,4075452720.00,03
967,4075464620.00,00
968,4075476520.00,00
969,4075488420.00,2A
970,4075500320.00,A5
